# r   MSF(r)
0.00000000 0.00115617
0.01002004 -0.00984515
0.02004008 -0.01858922
0.03006012 -0.02939512
0.04008016 -0.03863232
0.05010020 -0.04906443
0.06012024 -0.05883163
0.07014028 -0.06881298
0.08016032 -0.07905075
0.09018036 -0.08882763
0.10020040 -0.09930774
0.11022044 -0.10951536
0.12024048 -0.11880211
0.13026052 -0.12865054
0.14028056 -0.13901266
0.15030060 -0.15027162
0.16032064 -0.16007396
0.17034068 -0.16871983
0.18036072 -0.17977745
0.19038076 -0.18949341
0.20040080 -0.19938209
0.21042084 -0.20893121
0.22044088 -0.21890479
0.23046092 -0.22950996
0.24048096 -0.23942179
0.25050100 -0.24996596
0.26052104 -0.25921099
0.27054108 -0.26999981
0.28056112 -0.27920662
0.29058116 -0.29039905
0.30060120 -0.30112934
0.31062124 -0.31072437
0.32064128 -0.31964932
0.33066132 -0.33016361
0.34068136 -0.34051221
0.35070140 -0.35085708
0.36072144 -0.35927722
0.37074148 -0.37020761
0.38076152 -0.37943260
0.39078156 -0.38935742
0.40080160 -0.40000535
0.41082164 -0.41038408
0.42084168 -0.42042147
0.43086172 -0.42943268
0.44088176 -0.44031471
0.45090180 -0.44986721
0.46092184 -0.45974428
0.47094188 -0.47006090
0.48096192 -0.48026438
0.49098196 -0.48953841
0.50100200 -0.49989753
0.51102204 -0.50978631
0.52104208 -0.52061237
0.53106212 -0.53001040
0.54108216 -0.54075280
0.55110220 -0.54978778
0.56112224 -0.55959649
0.57114228 -0.56982530
0.58116232 -0.58045459
0.59118236 -0.59047977
0.60120240 -0.60015562
0.61122244 -0.61143429
0.62124248 -0.62132126
0.63126253 -0.62999090
0.64128257 -0.64043790
0.65130261 -0.65011842
0.66132265 -0.66023679
0.67134269 -0.66978385
0.68136273 -0.68017836
0.69138277 -0.69063344
0.70140281 -0.70140261
0.71142285 -0.71127956
0.72144289 -0.72050531
0.73146293 -0.73052070
0.74148297 -0.73990270
0.75150301 -0.75105022
0.76152305 -0.76099408
0.77154309 -0.77152470
0.78156313 -0.78119576
0.79158317 -0.79078017
0.80160321 -0.80089447
0.81162325 -0.81161472
0.82164329 -0.82050006
0.83166333 -0.83089432
0.84168337 -0.84041313
0.85170341 -0.85079767
0.86172345 -0.86086062
0.87174349 -0.87156100
0.88176353 -0.88105631
0.89178357 -0.89154043
0.90180361 -0.90089420
0.91182365 -0.91103399
0.92184369 -0.92069701
0.93186373 -0.93028503
0.94188377 -0.94111311
0.95190381 -0.95072737
0.96192385 -0.96117429
0.97194389 -0.97223451
0.98196393 -0.98080531
0.99198397 -0.99125200
1.00200401 -1.00073231
1.01202405 -1.01297117
1.02204409 -1.02107203
1.03206413 -1.03086569
1.04208417 -1.04091398
1.05210421 -1.05048082
1.06212425 -1.06104077
1.07214429 -1.07286861
1.08216433 -1.08109332
1.09218437 -1.09055703
1.10220441 -1.10066959
1.11222445 -1.11071147
1.12224449 -1.12227326
1.13226453 -1.13152730
1.14228457 -1.14084748
1.15230461 -1.15219832
1.16232465 -1.16110315
1.17234469 -1.17138774
1.18236473 -1.18166647
1.19238477 -1.19116815
1.20240481 -1.20122644
1.21242485 -1.21154180
1.22244489 -1.22091285
1.23246493 -1.23127396
1.24248497 -1.24088321
1.25250501 -1.25126386
1.26252505 -1.26166949
1.27254509 -1.27162639
1.28256513 -1.28261769
1.29258517 -1.29134025
1.30260521 -1.30166342
1.31262525 -1.31135345
1.32264529 -1.32111245
1.33266533 -1.33303792
1.34268537 -1.34263586
1.35270541 -1.35346284
1.36272545 -1.36169050
1.37274549 -1.37272440
1.38276553 -1.38194848
1.39278557 -1.39169110
1.40280561 -1.40179075
1.41282565 -1.41287040
1.42284569 -1.42248630
1.43286573 -1.43180425
1.44288577 -1.44156633
1.45290581 -1.45350494
1.46292585 -1.46169909
1.47294589 -1.47325574
1.48296593 -1.48300648
1.49298597 -1.49151460
1.50300601 -1.50192873
1.51302605 -1.51282737
1.52304609 -1.52177229
1.53306613 -1.53161077
1.54308617 -1.54324523
1.55310621 -1.55287260
1.56312625 -1.56267725
1.57314629 -1.57197358
1.58316633 -1.58344110
1.59318637 -1.59298224
1.60320641 -1.60173727
1.61322645 -1.61304076
1.62324649 -1.62179596
1.63326653 -1.63338505
1.64328657 -1.64211426
1.65330661 -1.65356810
1.66332665 -1.66244908
1.67334669 -1.67265237
1.68336673 -1.68199324
1.69338677 -1.69305962
1.70340681 -1.70207163
1.71342685 -1.71243186
1.72344689 -1.72207062
1.73346693 -1.73234602
1.74348697 -1.74226635
1.75350701 -1.75204871
1.76352705 -1.76298396
1.77354709 -1.77247754
1.78356713 -1.78285341
1.79358717 -1.79209439
1.80360721 -1.80226173
1.81362725 -1.81237932
1.82364729 -1.82270885
1.83366733 -1.83289526
1.84368737 -1.84264555
1.85370741 -1.85378585
1.86372745 -1.86277224
1.87374749 -1.87304492
1.88376754 -1.88381544
1.89378758 -1.89368152
1.90380762 -1.90317824
1.91382766 -1.91224560
1.92384770 -1.92263904
1.93386774 -1.93291911
1.94388778 -1.94274786
1.95390782 -1.95318917
1.96392786 -1.96475792
1.97394790 -1.97260922
1.98396794 -1.98325180
1.99398798 -1.99278001
2.00400802 -2.00388136
2.01402806 -2.01294664
2.02404810 -2.02328596
2.03406814 -2.03377740
2.04408818 -2.04292553
2.05410822 -2.05423261
2.06412826 -2.06391857
2.07414830 -2.07262364
2.08416834 -2.08355433
2.09418838 -2.09294294
2.10420842 -2.10364225
2.11422846 -2.11395610
2.12424850 -2.12342028
2.13426854 -2.13310502
2.14428858 -2.14342194
2.15430862 -2.15426612
2.16432866 -2.16414532
2.17434870 -2.17441805
2.18436874 -2.18359717
2.19438878 -2.19344530
2.20440882 -2.20281958
2.21442886 -2.21306742
2.22444890 -2.22414089
2.23446894 -2.23363116
2.24448898 -2.24358530
2.25450902 -2.25394172
2.26452906 -2.26339681
2.27454910 -2.27349397
2.28456914 -2.28543795
2.29458918 -2.29342095
2.30460922 -2.30453725
2.31462926 -2.31311053
2.32464930 -2.32346909
2.33466934 -2.33376896
2.34468938 -2.34376350
2.35470942 -2.35528498
2.36472946 -2.36349720
2.37474950 -2.37457751
2.38476954 -2.38482309
2.39478958 -2.39358784
2.40480962 -2.40374515
2.41482966 -2.41416133
2.42484970 -2.42377141
2.43486974 -2.43359377
2.44488978 -2.44534175
2.45490982 -2.45348614
2.46492986 -2.46352139
2.47494990 -2.47376935
2.48496994 -2.48343709
2.49498998 -2.49443550
2.50501002 -2.50369578
2.51503006 -2.51495664
2.52505010 -2.52391682
2.53507014 -2.53395998
2.54509018 -2.54402638
2.55511022 -2.55451527
2.56513026 -2.56414293
2.57515030 -2.57510408
2.58517034 -2.58415534
2.59519038 -2.59375196
2.60521042 -2.60413509
2.61523046 -2.61385313
2.62525050 -2.62390019
2.63527054 -2.63391212
2.64529058 -2.64496300
2.65531062 -2.65544796
2.66533066 -2.66419504
2.67535070 -2.67412214
2.68537074 -2.68577558
2.69539078 -2.69410894
2.70541082 -2.70411055
2.71543086 -2.71595896
2.72545090 -2.72421615
2.73547094 -2.73418043
2.74549098 -2.74445309
2.75551102 -2.75471959
2.76553106 -2.76472309
2.77555110 -2.77487202
2.78557114 -2.78539941
2.79559118 -2.79564738
2.80561122 -2.80468125
2.81563126 -2.81401702
2.82565130 -2.82598790
2.83567134 -2.83430659
2.84569138 -2.84443705
2.85571142 -2.85447552
2.86573146 -2.86462658
2.87575150 -2.87413744
2.88577154 -2.88430032
2.89579158 -2.89603785
2.90581162 -2.90475325
2.91583166 -2.91453298
2.92585170 -2.92553339
2.93587174 -2.93431214
2.94589178 -2.94442421
2.95591182 -2.95483334
2.96593186 -2.96520523
2.97595190 -2.97465034
2.98597194 -2.98451138
2.99599198 -2.99503374
3.00601202 -3.00465733
3.01603206 -3.01576091
3.02605210 -3.02515118
3.03607214 -3.03460427
3.04609218 -3.04517688
3.05611222 -3.05457512
3.06613226 -3.06607128
3.07615230 -3.07536986
3.08617234 -3.08529863
3.09619238 -3.09644899
3.10621242 -3.10555702
3.11623246 -3.11681159
3.12625251 -3.12534999
3.13627255 -3.13544325
3.14629259 -3.14546357
3.15631263 -3.15484091
3.16633267 -3.16545323
3.17635271 -3.17652531
3.18637275 -3.18544167
3.19639279 -3.19521235
3.20641283 -3.20533844
3.21643287 -3.21661629
3.22645291 -3.22531699
3.23647295 -3.23532446
3.24649299 -3.24543550
3.25651303 -3.25498514
3.26653307 -3.26575283
3.27655311 -3.27573801
3.28657315 -3.28539393
3.29659319 -3.29544020
3.30661323 -3.30538143
3.31663327 -3.31527640
3.32665331 -3.32681059
3.33667335 -3.33536129
3.34669339 -3.34705949
3.35671343 -3.35661421
3.36673347 -3.36589978
3.37675351 -3.37605100
3.38677355 -3.38534307
3.39679359 -3.39573922
3.40681363 -3.40701097
3.41683367 -3.41557698
3.42685371 -3.42701228
3.43687375 -3.43669708
3.44689379 -3.44626136
3.45691383 -3.45718124
3.46693387 -3.46552802
3.47695391 -3.47565952
3.48697395 -3.48671657
3.49699399 -3.49624781
3.50701403 -3.50640693
3.51703407 -3.51585173
3.52705411 -3.52636816
3.53707415 -3.53723725
3.54709419 -3.54558444
3.55711423 -3.55569142
3.56713427 -3.56674782
3.57715431 -3.57579835
3.58717435 -3.58757378
3.59719439 -3.59719206
3.60721443 -3.60746615
3.61723447 -3.61672084
3.62725451 -3.62653410
3.63727455 -3.63643676
3.64729459 -3.64728724
3.65731463 -3.65727826
3.66733467 -3.66721997
3.67735471 -3.67604545
3.68737475 -3.68635638
3.69739479 -3.69639927
3.70741483 -3.70648392
3.71743487 -3.71589304
3.72745491 -3.72727679
3.73747495 -3.73721244
3.74749499 -3.74604052
3.75751503 -3.75626782
3.76753507 -3.76594205
3.77755511 -3.77597790
3.78757515 -3.78751037
3.79759519 -3.79743246
3.80761523 -3.80677249
3.81763527 -3.81748643
3.82765531 -3.82662735
3.83767535 -3.83758947
3.84769539 -3.84644540
3.85771543 -3.85756891
3.86773547 -3.86624287
3.87775551 -3.87638978
3.88777555 -3.88684285
3.89779559 -3.89677627
3.90781563 -3.90869333
3.91783567 -3.91646166
3.92785571 -3.92781314
3.93787575 -3.93889145
3.94789579 -3.94692364
3.95791583 -3.95741056
3.96793587 -3.96667544
3.97795591 -3.97797338
3.98797595 -3.98665988
3.99799599 -3.99753043
4.00801603 -4.00732534
4.01803607 -4.01765718
4.02805611 -4.02680225
4.03807615 -4.03659807
4.04809619 -4.04675897
4.05811623 -4.05786957
4.06813627 -4.06727056
4.07815631 -4.07815532
4.08817635 -4.08693701
4.09819639 -4.09683628
4.10821643 -4.10672250
4.11823647 -4.11677563
4.12825651 -4.12813922
4.13827655 -4.13670889
4.14829659 -4.14721139
4.15831663 -4.15699461
4.16833667 -4.16721172
4.17835671 -4.17700781
4.18837675 -4.18786794
4.19839679 -4.19719738
4.20841683 -4.20814932
4.21843687 -4.21770171
4.22845691 -4.22837270
4.23847695 -4.23738507
4.24849699 -4.24781384
4.25851703 -4.25745929
4.26853707 -4.26750757
4.27855711 -4.27740035
4.28857715 -4.28729974
4.29859719 -4.29728677
4.30861723 -4.30742054
4.31863727 -4.31740520
4.32865731 -4.32901831
4.33867735 -4.33965718
4.34869739 -4.34862284
4.35871743 -4.35741663
4.36873747 -4.36739476
4.37875752 -4.37763130
4.38877756 -4.38743118
4.39879760 -4.39746903
4.40881764 -4.40814756
4.41883768 -4.41766537
4.42885772 -4.42754152
4.43887776 -4.43773702
4.44889780 -4.44768334
4.45891784 -4.45741249
4.46893788 -4.46760688
4.47895792 -4.47741362
4.48897796 -4.48918122
4.49899800 -4.49862102
4.50901804 -4.50748108
4.51903808 -4.51901592
4.52905812 -4.52767752
4.53907816 -4.53881986
4.54909820 -4.54911003
4.55911824 -4.55756395
4.56913828 -4.56795880
4.57915832 -4.57890683
4.58917836 -4.58929990
4.59919840 -4.59799674
4.60921844 -4.60809293
4.61923848 -4.61901032
4.62925852 -4.62818932
4.63927856 -4.63913019
4.64929860 -4.64847149
4.65931864 -4.66028358
4.66933868 -4.66914711
4.67935872 -4.67934600
4.68937876 -4.68807725
4.69939880 -4.69820636
4.70941884 -4.70843549
4.71943888 -4.71841902
4.72945892 -4.72823942
4.73947896 -4.73830152
4.74949900 -4.74836229
4.75951904 -4.75821292
4.76953908 -4.76824494
4.77955912 -4.77858958
4.78957916 -4.78829802
4.79959920 -4.79841005
4.80961924 -4.80878349
4.81963928 -4.81850291
4.82965932 -4.82826087
4.83967936 -4.83841022
4.84969940 -4.84912387
4.85971944 -4.85870893
4.86973948 -4.86835851
4.87975952 -4.87831226
4.88977956 -4.88879300
4.89979960 -4.89974744
4.90981964 -4.90980240
4.91983968 -4.91879210
4.92985972 -4.92865941
4.93987976 -4.93948370
4.94989980 -4.94856898
4.95991984 -4.95854147
4.96993988 -4.96930644
4.97995992 -4.97845951
4.98997996 -4.99030852
5.00000000 -4.99892944
