# r   MSF(r)
0.00000000 0.00148912
0.01603206 -0.01203666
0.03206413 -0.02359694
0.04809619 -0.03789042
0.06412826 -0.05220863
0.08016032 -0.06683039
0.09619238 -0.08032059
0.11222445 -0.09295492
0.12825651 -0.10615856
0.14428858 -0.12079903
0.16032064 -0.13445288
0.17635271 -0.14752609
0.19238477 -0.16102589
0.20841683 -0.17722100
0.22444890 -0.19243165
0.24048096 -0.20301983
0.25651303 -0.21710390
0.27254509 -0.23170522
0.28857715 -0.24730837
0.30460922 -0.25862636
0.32064128 -0.27260576
0.33667335 -0.28695942
0.35270541 -0.30050931
0.36873747 -0.31492035
0.38476954 -0.32635671
0.40080160 -0.33734566
0.41683367 -0.35013012
0.43286573 -0.36554413
0.44889780 -0.37883882
0.46492986 -0.39023944
0.48096192 -0.40385280
0.49699399 -0.41380635
0.51302605 -0.42560684
0.52905812 -0.43886121
0.54509018 -0.45377494
0.56112224 -0.46805039
0.57715431 -0.47862403
0.59318637 -0.49157213
0.60921844 -0.50293026
0.62525050 -0.51410947
0.64128257 -0.52690244
0.65731463 -0.53659776
0.67334669 -0.54750406
0.68937876 -0.55880409
0.70541082 -0.57079322
0.72144289 -0.58192477
0.73747495 -0.59477127
0.75350701 -0.60574825
0.76953908 -0.61636370
0.78557114 -0.62731089
0.80160321 -0.63620736
0.81763527 -0.64593250
0.83366733 -0.65544448
0.84969940 -0.66540514
0.86573146 -0.67622101
0.88176353 -0.68681703
0.89779559 -0.69510391
0.91382766 -0.70365859
0.92985972 -0.71313671
0.94589178 -0.72309865
0.96192385 -0.72970351
0.97795591 -0.73856840
0.99398798 -0.74464136
1.01002004 -0.75311006
1.02605210 -0.76226961
1.04208417 -0.77194214
1.05811623 -0.77753113
1.07414830 -0.78103718
1.09018036 -0.78670418
1.10621242 -0.79932894
1.12224449 -0.80013838
1.13827655 -0.80309694
1.15430862 -0.81112397
1.17034068 -0.81831582
1.18637275 -0.82197404
1.20240481 -0.81727064
1.21843687 -0.81201420
1.23446894 -0.81434530
1.25050100 -0.82259097
1.26653307 -0.82154085
1.28256513 -0.82803552
1.29859719 -0.85022225
1.31462926 -0.82892001
1.33066132 -0.81299987
1.34669339 -0.80971714
1.36272545 -0.78883798
1.37875752 -0.77784359
1.39478958 -0.76792626
1.41082164 -0.76185600
1.42685371 -0.75574669
1.44288577 -0.75184717
1.45891784 -0.74759298
1.47494990 -0.74145592
1.49098196 -0.74112361
1.50701403 -0.73435928
1.52304609 -0.73116455
1.53907816 -0.72688518
1.55511022 -0.72781020
1.57114228 -0.72123989
1.58717435 -0.72041689
1.60320641 -0.71656822
1.61923848 -0.71581882
1.63527054 -0.71420225
1.65130261 -0.71433508
1.66733467 -0.70838697
1.68336673 -0.70859627
1.69939880 -0.70536382
1.71543086 -0.70342886
1.73146293 -0.70152512
1.74749499 -0.69998646
1.76352705 -0.69913073
1.77955912 -0.69786822
1.79559118 -0.69569413
1.81162325 -0.69542561
1.82765531 -0.69411242
1.84368737 -0.69201405
1.85971944 -0.69287873
1.87575150 -0.68973093
1.89178357 -0.69133485
1.90781563 -0.68911010
1.92384770 -0.68719697
1.93987976 -0.68619971
1.95591182 -0.68462840
1.97194389 -0.68660227
1.98797595 -0.68220223
2.00400802 -0.68686652
2.02004008 -0.68222187
2.03607214 -0.68053261
2.05210421 -0.68019390
2.06813627 -0.67972082
2.08416834 -0.67849936
2.10020040 -0.67699743
2.11623246 -0.67702886
2.13226453 -0.67629577
2.14829659 -0.67936892
2.16432866 -0.67385037
2.18036072 -0.67439490
2.19639279 -0.67278958
2.21242485 -0.67421968
2.22845691 -0.67133266
2.24448898 -0.67244945
2.26052104 -0.67095442
2.27655311 -0.67102091
2.29258517 -0.67137032
2.30861723 -0.66918801
2.32464930 -0.66816584
2.34068136 -0.66857073
2.35671343 -0.66853993
2.37274549 -0.66854815
2.38877756 -0.66744303
2.40480962 -0.66534327
2.42084168 -0.66592048
2.43687375 -0.66458372
2.45290581 -0.66568892
2.46893788 -0.66591603
2.48496994 -0.66327195
2.50100200 -0.66280131
2.51703407 -0.66521145
2.53306613 -0.66250944
2.54909820 -0.66159672
2.56513026 -0.66197706
2.58116232 -0.66336070
2.59719439 -0.66023218
2.61322645 -0.66323405
2.62925852 -0.66047570
2.64529058 -0.66029881
2.66132265 -0.66054645
2.67735471 -0.65930845
2.69338677 -0.65841605
2.70941884 -0.65758351
2.72545090 -0.65837113
2.74148297 -0.65729854
2.75751503 -0.65766670
2.77354709 -0.65809427
2.78957916 -0.65894605
2.80561122 -0.65716006
2.82164329 -0.65687863
2.83767535 -0.65647750
2.85370741 -0.65578303
2.86973948 -0.65780552
2.88577154 -0.65496235
2.90180361 -0.65598716
2.91783567 -0.65422071
2.93386774 -0.65596011
2.94989980 -0.65563121
2.96593186 -0.65410145
2.98196393 -0.65464804
2.99799599 -0.65472429
3.01402806 -0.65352294
3.03006012 -0.65378909
3.04609218 -0.65242663
3.06212425 -0.65357349
3.07815631 -0.65233218
3.09418838 -0.65102185
3.11022044 -0.65217381
3.12625251 -0.65168922
3.14228457 -0.65027891
3.15831663 -0.65147002
3.17434870 -0.64984528
3.19038076 -0.65013960
3.20641283 -0.65054836
3.22244489 -0.64967447
3.23847695 -0.65088218
3.25450902 -0.64988099
3.27054108 -0.64884469
3.28657315 -0.64847768
3.30260521 -0.64907411
3.31863727 -0.64929127
3.33466934 -0.64867435
3.35070140 -0.64968434
3.36673347 -0.65017132
3.38276553 -0.64907818
3.39879760 -0.64789594
3.41482966 -0.64690014
3.43086172 -0.64676801
3.44689379 -0.64783725
3.46292585 -0.64633107
3.47895792 -0.64686867
3.49498998 -0.64613589
3.51102204 -0.64702085
3.52705411 -0.64611690
3.54308617 -0.64544692
3.55911824 -0.64551083
3.57515030 -0.64551834
3.59118236 -0.64579460
3.60721443 -0.64479971
3.62324649 -0.64572875
3.63927856 -0.64587546
3.65531062 -0.64417510
3.67134269 -0.64498788
3.68737475 -0.64449689
3.70340681 -0.64386464
3.71943888 -0.64588477
3.73547094 -0.64415319
3.75150301 -0.64736697
3.76753507 -0.64362443
3.78356713 -0.64413692
3.79959920 -0.64333010
3.81563126 -0.64345395
3.83166333 -0.64344355
3.84769539 -0.64246432
3.86372745 -0.64377311
3.87975952 -0.64272026
3.89579158 -0.64235799
3.91182365 -0.64222902
3.92785571 -0.64377377
3.94388778 -0.64413847
3.95991984 -0.64317175
3.97595190 -0.64266796
3.99198397 -0.64287634
4.00801603 -0.64169586
4.02404810 -0.64215613
4.04008016 -0.64224537
4.05611222 -0.64223068
4.07214429 -0.64154774
4.08817635 -0.64526607
4.10420842 -0.64168534
4.12024048 -0.64195922
4.13627255 -0.64116700
4.15230461 -0.64029865
4.16833667 -0.64327746
4.18436874 -0.64271635
4.20040080 -0.64080720
4.21643287 -0.63965569
4.23246493 -0.63968046
4.24849699 -0.64011464
4.26452906 -0.64361699
4.28056112 -0.63959877
4.29659319 -0.63998952
4.31262525 -0.64105208
4.32865731 -0.63920108
4.34468938 -0.64471704
4.36072144 -0.64055349
4.37675351 -0.63925549
4.39278557 -0.63963386
4.40881764 -0.63839623
4.42484970 -0.63857643
4.44088176 -0.63864271
4.45691383 -0.63862482
4.47294589 -0.63835810
4.48897796 -0.64174635
4.50501002 -0.64202907
4.52104208 -0.64023856
4.53707415 -0.63775283
4.55310621 -0.63876472
4.56913828 -0.64018499
4.58517034 -0.64025575
4.60120240 -0.63787700
4.61723447 -0.63817612
4.63326653 -0.63750481
4.64929860 -0.63865660
4.66533066 -0.63770517
4.68136273 -0.63846068
4.69739479 -0.63734253
4.71342685 -0.63665959
4.72945892 -0.63719060
4.74549098 -0.63682242
4.76152305 -0.63827195
4.77755511 -0.63819097
4.79358717 -0.63642049
4.80961924 -0.63636487
4.82565130 -0.63681197
4.84168337 -0.63654068
4.85771543 -0.63748363
4.87374749 -0.63678699
4.88977956 -0.63631409
4.90581162 -0.63707789
4.92184369 -0.64079821
4.93787575 -0.63626633
4.95390782 -0.63575631
4.96993988 -0.63642913
4.98597194 -0.63623437
5.00200401 -0.64171793
5.01803607 -0.63617618
5.03406814 -0.63812584
5.05010020 -0.63534777
5.06613226 -0.63574134
5.08216433 -0.63599398
5.09819639 -0.63636572
5.11422846 -0.63610642
5.13026052 -0.63540746
5.14629259 -0.63525594
5.16232465 -0.63456438
5.17835671 -0.63523014
5.19438878 -0.63862978
5.21042084 -0.63647704
5.22645291 -0.63477854
5.24248497 -0.63593139
5.25851703 -0.63434286
5.27454910 -0.63433076
5.29058116 -0.63452446
5.30661323 -0.63490509
5.32264529 -0.63485215
5.33867735 -0.63529017
5.35470942 -0.63519530
5.37074148 -0.63450410
5.38677355 -0.63390949
5.40280561 -0.63356647
5.41883768 -0.63378060
5.43486974 -0.63476288
5.45090180 -0.63601553
5.46693387 -0.63427354
5.48296593 -0.63426711
5.49899800 -0.63418167
5.51503006 -0.63337939
5.53106212 -0.63464891
5.54709419 -0.63330392
5.56312625 -0.63384751
5.57915832 -0.63341957
5.59519038 -0.63343584
5.61122244 -0.63338368
5.62725451 -0.63388271
5.64328657 -0.63356872
5.65931864 -0.63338129
5.67535070 -0.63338974
5.69138277 -0.63258036
5.70741483 -0.63335527
5.72344689 -0.63300966
5.73947896 -0.63275198
5.75551102 -0.63312898
5.77154309 -0.63386690
5.78757515 -0.63408969
5.80360721 -0.63416818
5.81963928 -0.63236180
5.83567134 -0.63224423
5.85170341 -0.63228953
5.86773547 -0.63225122
5.88376754 -0.63266870
5.89979960 -0.63252336
5.91583166 -0.63246531
5.93186373 -0.63427576
5.94789579 -0.63196409
5.96392786 -0.63327042
5.97995992 -0.63210689
5.99599198 -0.63619678
6.01202405 -0.63306948
6.02805611 -0.63159457
6.04408818 -0.63187171
6.06012024 -0.63153985
6.07615230 -0.63223234
6.09218437 -0.63134001
6.10821643 -0.63185605
6.12424850 -0.63185939
6.14028056 -0.63173687
6.15631263 -0.63163680
6.17234469 -0.63175043
6.18837675 -0.63259740
6.20440882 -0.63174402
6.22044088 -0.63180590
6.23647295 -0.63100398
6.25250501 -0.63127261
6.26853707 -0.63215556
6.28456914 -0.63364535
6.30060120 -0.63153185
6.31663327 -0.63226216
6.33266533 -0.63302149
6.34869739 -0.63111366
6.36472946 -0.63109363
6.38076152 -0.63049302
6.39679359 -0.63086870
6.41282565 -0.63103449
6.42885772 -0.63116724
6.44488978 -0.63063385
6.46092184 -0.63146941
6.47695391 -0.63231170
6.49298597 -0.63125684
6.50901804 -0.63075607
6.52505010 -0.63034106
6.54108216 -0.63054241
6.55711423 -0.63095935
6.57314629 -0.63217866
6.58917836 -0.63074260
6.60521042 -0.63264353
6.62124248 -0.63045713
6.63727455 -0.63261002
6.65330661 -0.63015130
6.66933868 -0.63099529
6.68537074 -0.63353609
6.70140281 -0.63132848
6.71743487 -0.63122121
6.73346693 -0.62959077
6.74949900 -0.63271795
6.76553106 -0.62999231
6.78156313 -0.62980820
6.79759519 -0.63179945
6.81362725 -0.63062386
6.82965932 -0.63245908
6.84569138 -0.63017253
6.86172345 -0.63051464
6.87775551 -0.62988916
6.89378758 -0.62964719
6.90981964 -0.62970417
6.92585170 -0.63239919
6.94188377 -0.62969099
6.95791583 -0.62957171
6.97394790 -0.62920567
6.98997996 -0.62976647
7.00601202 -0.63030764
7.02204409 -0.62899975
7.03807615 -0.63094607
7.05410822 -0.62914207
7.07014028 -0.62992968
7.08617234 -0.63153344
7.10220441 -0.63018997
7.11823647 -0.62948369
7.13426854 -0.62890266
7.15030060 -0.62979874
7.16633267 -0.62863841
7.18236473 -0.63061974
7.19839679 -0.62941486
7.21442886 -0.62940962
7.23046092 -0.62890859
7.24649299 -0.62858969
7.26252505 -0.62942386
7.27855711 -0.63158928
7.29458918 -0.62914288
7.31062124 -0.62875621
7.32665331 -0.63060957
7.34268537 -0.63160501
7.35871743 -0.62830197
7.37474950 -0.62914715
7.39078156 -0.62890988
7.40681363 -0.63076933
7.42284569 -0.62840957
7.43887776 -0.62936601
7.45490982 -0.63002787
7.47094188 -0.62827293
7.48697395 -0.62872182
7.50300601 -0.62910573
7.51903808 -0.62904685
7.53507014 -0.63101888
7.55110220 -0.63010537
7.56713427 -0.62861781
7.58316633 -0.62875911
7.59919840 -0.62793093
7.61523046 -0.62842335
7.63126253 -0.62810016
7.64729459 -0.62845104
7.66332665 -0.63173137
7.67935872 -0.63039758
7.69539078 -0.62865068
7.71142285 -0.62929804
7.72745491 -0.62877324
7.74348697 -0.62828648
7.75951904 -0.63142413
7.77555110 -0.62773883
7.79158317 -0.62950130
7.80761523 -0.62834153
7.82364729 -0.62927084
7.83967936 -0.62964507
7.85571142 -0.62797508
7.87174349 -0.62908148
7.88777555 -0.62793269
7.90380762 -0.63069692
7.91983968 -0.62774318
7.93587174 -0.62815971
7.95190381 -0.63320329
7.96793587 -0.62926215
7.98396794 -0.62744161
8.00000000 -0.62801049
