# r   MSF(r)
0.00000000 0.00068277
0.02504174 0.00194041
0.05008347 0.00095068

0.10016694 0.00209080
0.12520868 0.00436188
0.15025042 0.00655014
0.17529215 0.01059461
0.20033389 0.01480288
0.22537563 0.01759690
0.25041736 0.01840217
0.27545910 0.01818188
0.30050083 0.01965810
0.32554257 0.02116791
0.35058431 0.02171123
0.37562604 0.02434910
0.40066778 0.02569637
0.42570952 0.02616638
0.45075125 0.02693947
0.47579299 0.02774403
0.50083472 0.02782450
0.52587646 0.02486711
0.55091820 0.02680280
0.57595993 0.02755472
0.60100167 0.02754722
0.62604341 0.02422729
0.65108514 0.02736449
0.67612688 0.02778347
0.70116861 0.02721606
0.72621035 0.02493707
0.75125209 0.02721241
0.77629382 0.02734150
0.80133556 0.02656073
0.82637730 0.02600707
0.85141903 0.02387342
0.87646077 0.02554866
0.90150250 0.02497926
0.92654424 0.02652611
0.95158598 0.02530155
0.97662771 0.02378116
1.00166945 0.02749207
1.02671119 0.02714178
1.05175292 0.03029773
1.07679466 0.03192120
1.10183639 0.03309118
1.12687813 0.03248203
1.15191987 0.03319477
1.17696160 0.03439548
1.20200334 0.03514443
1.22704508 0.03643742
1.25208681 0.03657366
1.27712855 0.03675475
1.30217028 0.03739855
1.32721202 0.03946974
1.35225376 0.03978474
1.37729549 0.04110361
1.40233723 0.04167140
1.42737896 0.04291192
1.45242070 0.04315236
1.47746244 0.04396047
1.50250417 0.04267879
1.52754591 0.04485239
1.55258765 0.04484941
1.57762938 0.04471962
1.60267112 0.04519868
1.62771285 0.04561851
1.65275459 0.04625933
1.67779633 0.04598000
1.70283806 0.04617455
1.72787980 0.04639494
1.75292154 0.04649147
1.77796327 0.04626265
1.80300501 0.04546026
1.82804674 0.04589514
1.85308848 0.04472314
1.87813022 0.04477386
1.90317195 0.04699380
1.92821369 0.04723963
1.95325543 0.04743916
1.97829716 0.04784385
2.00333890 0.04203359
2.02838063 0.04627565
2.05342237 0.04807585
2.07846411 0.04842447
2.10350584 0.04837138
2.12854758 0.04983671
2.15358932 0.05049405
2.17863105 0.05043352
2.20367279 0.05013213
2.22871452 0.05093063
2.25375626 0.05132456
2.27879800 0.05142487
2.30383973 0.05155180
2.32888147 0.04962501
2.35392321 0.05191189
2.37896494 0.05229306
2.40400668 0.05250026
2.42904841 0.05233723
2.45409015 0.05186358
2.47913189 0.05244569
2.50417362 0.05247420
2.52921536 0.05259869
2.55425710 0.05269175
2.57929883 0.05260004
2.60434057 0.05295470
2.62938230 0.05178836
2.65442404 0.05329155
2.67946578 0.05294230
2.70450751 0.05235162
2.72954925 0.05297378
2.75459098 0.05211953
2.77963272 0.05296684
2.80467446 0.05249772
2.82971619 0.05159966
2.85475793 0.05125823
2.87979967 0.05202195
2.90484140 0.05209684
2.92988314 0.05173198
2.95492487 0.05082154
2.97996661 0.04881512
3.00500835 0.04752840
3.03005008 0.05066134
3.05509182 0.05023155
3.08013356 0.05152073
3.10517529 0.05057319
3.13021703 0.05106932
3.15525876 0.05139758
3.18030050 0.05025138
3.20534224 0.04917703
3.23038397 0.04957196
3.25542571 0.04949609
3.28046745 0.05233980
3.30550918 0.05261178
3.33055092 0.05241112
3.35559265 0.05303923
3.38063439 0.05312630
3.40567613 0.05183626
3.43071786 0.05351540
3.45575960 0.05313708
3.48080134 0.05339171
3.50584307 0.05245459
3.53088481 0.05370308
3.55592654 0.05384748
3.58096828 0.05351590
3.60601002 0.05337603
3.63105175 0.05322789
3.65609349 0.05307274
3.68113523 0.05268238
3.70617696 0.05114696
3.73121870 0.05108909
3.75626043 0.05159307
3.78130217 0.05187206
3.80634391 0.05182013
3.83138564 0.05402863
3.85642738 0.05400051
3.88146912 0.05352908
3.90651085 0.05449973
3.93155259 0.05417857
3.95659432 0.05327455
3.98163606 0.05463150
4.00667780 0.05287930
4.03171953 0.05397927
4.05676127 0.05377694
4.08180301 0.05327844
4.10684474 0.05285702
4.13188648 0.05256529
4.15692821 0.05348226
4.18196995 0.05374600
4.20701169 0.05276759
4.23205342 0.05527834
4.25709516 0.05459643
4.28213689 0.05455413
4.30717863 0.05584719
4.33222037 0.05590975
4.35726210 0.05627484
4.38230384 0.05599000
4.40734558 0.05597357
4.43238731 0.05608922
4.45742905 0.05606861
4.48247078 0.05614132
4.50751252 0.05615914
4.53255426 0.05595538
4.55759599 0.05659492
4.58263773 0.05631485
4.60767947 0.05630548
4.63272120 0.05622252
4.65776294 0.05572389
4.68280467 0.05589832
4.70784641 0.05496793
4.73288815 0.05449669
4.75792988 0.05497399
4.78297162 0.05577591
4.80801336 0.05632770
4.83305509 0.05629288
4.85809683 0.05693974
4.88313856 0.05652212
4.90818030 0.05725466
4.93322204 0.05735275
4.95826377 0.05701379
4.98330551 0.05564905
5.00834725 0.05718425
5.03338898 0.05650515
5.05843072 0.05724611
5.08347245 0.05714461
5.10851419 0.05671792
5.13355593 0.05548226
5.15859766 0.05525897
5.18363940 0.05615259
5.20868114 0.05689817
5.23372287 0.05734532
5.25876461 0.05815638
5.28380634 0.05872636
5.30884808 0.05799153
5.33388982 0.05919011
5.35893155 0.05805563
5.38397329 0.05947821
5.40901503 0.05976339
5.43405676 0.06007204
5.45909850 0.05889573
5.48414023 0.05902754
5.50918197 0.06024263
5.53422371 0.06023876
5.55926544 0.06084195
5.58430718 0.06059343
5.60934891 0.06077139
5.63439065 0.06093150
5.65943239 0.06027110
5.68447412 0.06123102
5.70951586 0.06030697
5.73455760 0.06124640
5.75959933 0.06100578
5.78464107 0.06157964
5.80968280 0.06149941
5.83472454 0.06090424
5.85976628 0.06143012
5.88480801 0.06075184
5.90984975 0.06212395
5.93489149 0.06174438
5.95993322 0.06141428
5.98497496 0.06173970
6.01001669 0.06193928
6.03505843 0.06233145
6.06010017 0.06190796
6.08514190 0.06237446
6.11018364 0.06242025
6.13522538 0.06260159
6.16026711 0.06221670
6.18530885 0.06265866
6.21035058 0.06266955
6.23539232 0.06298197
6.26043406 0.06304624
6.28547579 0.06314149
6.31051753 0.06303174
6.33555927 0.06288270
6.36060100 0.06325796
6.38564274 0.06334578
6.41068447 0.06342740
6.43572621 0.06344012
6.46076795 0.06361793
6.48580968 0.06320457
6.51085142 0.06358552
6.53589316 0.06389948
6.56093489 0.06393515
6.58597663 0.06397037
6.61101836 0.06319350
6.63606010 0.06410456
6.66110184 0.06357815
6.68614357 0.06373509
6.71118531 0.06426779
6.73622705 0.06446597
6.76126878 0.06450086
6.78631052 0.06437224
6.81135225 0.06430364
6.83639399 0.06441112
6.86143573 0.06471477
6.88647746 0.06334553
6.91151920 0.06449386
6.93656093 0.06477463
6.96160267 0.06461320
6.98664441 0.06475948
7.01168614 0.06416398
7.03672788 0.06484487
7.06176962 0.06437112
7.08681135 0.06468866
7.11185309 0.06471832
7.13689482 0.06493060
7.16193656 0.06485044
7.18697830 0.06413656
7.21202003 0.06245152
7.23706177 0.06458772
7.26210351 0.06288737
7.28714524 0.06202540
7.31218698 0.06404191
7.33722871 0.06370332
7.36227045 0.06358394
7.38731219 0.06311431
7.41235392 0.06070605
7.43739566 0.06457991
7.46243740 0.06564004
7.48747913 0.06600184
7.51252087 0.06421159
7.53756260 0.06666150
7.56260434 0.06452538
7.58764608 0.06673700
7.61268781 0.06652256
7.63772955 0.06721102
7.66277129 0.06179934
7.68781302 0.06615709
7.71285476 0.06640878
7.73789649 0.06735077
7.76293823 0.06428780
7.78797997 0.06723842
7.81302170 0.06721977
7.83806344 0.06520074
7.86310518 0.06744428
7.88814691 0.06745364
7.91318865 0.06773073
7.93823038 0.06688858
7.96327212 0.06751796
7.98831386 0.06699877
8.01335559 0.06813571
8.03839733 0.06822413
8.06343907 0.06631801
8.08848080 0.06815194
8.11352254 0.06912499
8.13856427 0.06891853
8.16360601 0.06777705
8.18864775 0.06881085
8.21368948 0.06864415
8.23873122 0.06911676
8.26377295 0.06696700
8.28881469 0.06921948
8.31385643 0.06961262
8.33889816 0.06877568
8.36393990 0.06935107
8.38898164 0.06718393
8.41402337 0.06967040
8.43906511 0.07007106
8.46410684 0.06982145
8.48914858 0.06958097
8.51419032 0.06934436
8.53923205 0.07001570
8.56427379 0.07020598
8.58931553 0.06916049
8.61435726 0.07015886
8.63939900 0.07028140
8.66444073 0.06987454
8.68948247 0.06977462
8.71452421 0.07045284
8.73956594 0.07041227
8.76460768 0.06706001
8.78964942 0.07059687
8.81469115 0.06920835
8.83973289 0.07104286
8.86477462 0.07062107
8.88981636 0.07117950
8.91485810 0.07047288
8.93989983 0.07108131
8.96494157 0.07122202
8.98998331 0.06820203
9.01502504 0.07132111
9.04006678 0.07012805
9.06510851 0.07128192
9.09015025 0.07116449
9.11519199 0.07169679
9.14023372 0.07153091
9.16527546 0.07166138
9.19031720 0.07174291
9.21535893 0.06936285
9.24040067 0.06981264
9.26544240 0.07194319
9.29048414 0.07200922
9.31552588 0.07157471
9.34056761 0.07037355
9.36560935 0.07189529
9.39065109 0.07223881
9.41569282 0.07171563
9.44073456 0.07156759
9.46577629 0.07239702
9.49081803 0.07237737
9.51585977 0.07057977
9.54090150 0.07171166
9.56594324 0.07228744
9.59098497 0.07187497
9.61602671 0.07121963
9.64106845 0.07266725
9.66611018 0.07210705
9.69115192 0.07152776
9.71619366 0.07076799
9.74123539 0.07133228
9.76627713 0.07225213
9.79131886 0.07013731
9.81636060 0.07204671
9.84140234 0.07064116
9.86644407 0.07173995
9.89148581 0.07274962
9.91652755 0.07225129
9.94156928 0.06909984
9.96661102 0.07270904
9.99165275 0.07217692
10.01669449 0.07333625
10.04173623 0.07209486
10.06677796 0.07264516
10.09181970 0.07133449
10.11686144 0.07323758
10.14190317 0.07283270
10.16694491 0.07277559
10.19198664 0.07338118
10.21702838 0.07360835
10.24207012 0.07369559
10.26711185 0.07335442
10.29215359 0.07123909
10.31719533 0.07253259
10.34223706 0.07311510
10.36727880 0.07257928
10.39232053 0.07387884
10.41736227 0.07386522
10.44240401 0.07385148
10.46744574 0.07273312
10.49248748 0.07291998
10.51752922 0.07345029
10.54257095 0.07397005
10.56761269 0.07293612
10.59265442 0.07381222
10.61769616 0.07358098
10.64273790 0.07281523
10.66777963 0.07351477
10.69282137 0.07440497
10.71786311 0.07365145
10.74290484 0.07305574
10.76794658 0.07428324
10.79298831 0.07416390
10.81803005 0.07409933
10.84307179 0.07431236
10.86811352 0.07451842
10.89315526 0.07396096
10.91819699 0.07439250
10.94323873 0.07333235
10.96828047 0.07164386
10.99332220 0.07455620
11.01836394 0.07430979
11.04340568 0.07357262
11.06844741 0.07418495
11.09348915 0.07370472
11.11853088 0.07436176
11.14357262 0.07486612
11.16861436 0.07446911
11.19365609 0.07471772
11.21869783 0.07367496
11.24373957 0.07441226
11.26878130 0.07474968
11.29382304 0.07481712
11.31886477 0.07407864
11.34390651 0.07414133
11.36894825 0.07458413
11.39398998 0.07438848
11.41903172 0.07494944
11.44407346 0.07509066
11.46911519 0.07438067
11.49415693 0.07376478
11.51919866 0.07540395
11.54424040 0.07524807
11.56928214 0.07433347
11.59432387 0.07509026
11.61936561 0.07549509
11.64440735 0.07515359
11.66944908 0.07383711
11.69449082 0.07544275
11.71953255 0.07492178
11.74457429 0.07528252
11.76961603 0.07445388
11.79465776 0.07569229
11.81969950 0.07471625
11.84474124 0.07551576
11.86978297 0.07517283
11.89482471 0.07581754
11.91986644 0.07531952
11.94490818 0.07584451
11.96994992 0.07584183
11.99499165 0.07576503
12.02003339 0.07525010
12.04507513 0.07539143
12.07011686 0.07414123
12.09515860 0.07528699
12.12020033 0.07554609
12.14524207 0.07525606
12.17028381 0.07572712
12.19532554 0.07435718
12.22036728 0.07555444
12.24540902 0.07577306
12.27045075 0.07592057
12.29549249 0.07610723
12.32053422 0.07558819
12.34557596 0.07470653
12.37061770 0.07396985
12.39565943 0.07576780
12.42070117 0.07601411
12.44574290 0.07593008
12.47078464 0.07576515
12.49582638 0.07568584
12.52086811 0.07609408
12.54590985 0.07552014
12.57095159 0.07635959
12.59599332 0.07570640
12.62103506 0.07590695
12.64607679 0.07597262
12.67111853 0.07640200
12.69616027 0.07653075
12.72120200 0.07657950
12.74624374 0.07559437
12.77128548 0.07618150
12.79632721 0.07603955
12.82136895 0.07647416
12.84641068 0.07571759
12.87145242 0.07630876
12.89649416 0.07627767
12.92153589 0.07589960
12.94657763 0.07670822
12.97161937 0.07631840
12.99666110 0.07656934
13.02170284 0.07662480
13.04674457 0.07579479
13.07178631 0.07552760
13.09682805 0.07596320
13.12186978 0.07656939
13.14691152 0.07651241
13.17195326 0.07684363
13.19699499 0.07481263
13.22203673 0.07483697
13.24707846 0.07642823
13.27212020 0.07505879
13.29716194 0.07690286
13.32220367 0.07677063
13.34724541 0.07669061
13.37228715 0.07407282
13.39732888 0.07653021
13.42237062 0.07689461
13.44741235 0.07415820
13.47245409 0.07644650
13.49749583 0.07580225
13.52253756 0.07628344
13.54757930 0.07661682
13.57262104 0.07596393
13.59766277 0.07586782
13.62270451 0.07711638
13.64774624 0.07709828
13.67278798 0.07613386
13.69782972 0.07519892
13.72287145 0.07440877
13.74791319 0.07702765
13.77295492 0.07720740
13.79799666 0.07701341
13.82303840 0.07608189
13.84808013 0.07711641
13.87312187 0.07694047
13.89816361 0.07712540
13.92320534 0.07563651
13.94824708 0.07681196
13.97328881 0.07686825
13.99833055 0.07741105
14.02337229 0.07728662
14.04841402 0.07653335
14.07345576 0.07716797
14.09849750 0.07738279
14.12353923 0.07723999
14.14858097 0.07720255
14.17362270 0.07770202
14.19866444 0.07546650
14.22370618 0.07631931
14.24874791 0.07710148
14.27378965 0.07514266
14.29883139 0.07741654
14.32387312 0.07714204
14.34891486 0.07728409
14.37395659 0.07734716
14.39899833 0.07754164
14.42404007 0.07760088
14.44908180 0.07657815
14.47412354 0.07769458
14.49916528 0.07598920
14.52420701 0.07489993
14.54924875 0.07710175
14.57429048 0.07727373
14.59933222 0.07755582
14.62437396 0.07710198
14.64941569 0.07762797
14.67445743 0.07702263
14.69949917 0.07725040
14.72454090 0.07764719
14.74958264 0.07549657
14.77462437 0.07764310
14.79966611 0.07664549
14.82470785 0.07817220
14.84974958 0.07701344
14.87479132 0.07767042
14.89983306 0.07791016
14.92487479 0.07796768
14.94991653 0.07516825
14.97495826 0.07758579
15.00000000 0.07708447
