# r   MSF(r)
0.00000000 0.00130981
0.01002004 -0.00096672
0.02004008 -0.00240025
0.03006012 -0.00459462
0.04008016 -0.00821880
0.05010020 -0.01354412
0.06012024 -0.01753218
0.07014028 -0.02143379
0.08016032 -0.03073942
0.09018036 -0.03057142
0.10020040 -0.03043980
0.11022044 -0.03106288
0.12024048 -0.03355908
0.13026052 -0.03893444
0.14028056 -0.03744526
0.15030060 -0.03598632
0.16032064 -0.02797785
0.17034068 -0.02510775
0.18036072 -0.02212822
0.19038076 -0.02140221
0.20040080 -0.02058317
0.21042084 -0.01906716
0.22044088 -0.01754709
0.23046092 -0.01661120
0.24048096 -0.01506535
0.25050100 -0.01444578
0.26052104 -0.01364098
0.27054108 -0.01328403
0.28056112 -0.01371057
0.29058116 -0.01263736
0.30060120 -0.01203566
0.31062124 -0.01150829
0.32064128 -0.01157609
0.33066132 -0.01066453
0.34068136 -0.01047123
0.35070140 -0.01022941
0.36072144 -0.00990979
0.37074148 -0.00980020
0.38076152 -0.00977518
0.39078156 -0.00937685
0.40080160 -0.00959149
0.41082164 -0.00871550
0.42084168 -0.00851065
0.43086172 -0.00847929
0.44088176 -0.00855117
0.45090180 -0.00813193
0.46092184 -0.00807747
0.47094188 -0.00787045
0.48096192 -0.00767693
0.49098196 -0.00760515
0.50100200 -0.00760218
0.51102204 -0.00721949
0.52104208 -0.00719874
0.53106212 -0.00696838
0.54108216 -0.00851735
0.55110220 -0.00675892
0.56112224 -0.00662700
0.57114228 -0.00678840
0.58116232 -0.00708533
0.59118236 -0.00706069
0.60120240 -0.00662117
0.61122244 -0.00617711
0.62124248 -0.00640380
0.63126253 -0.00625865
0.64128257 -0.00596633
0.65130261 -0.00607327
0.66132265 -0.00583041
0.67134269 -0.00697600
0.68136273 -0.00587312
0.69138277 -0.00591547
0.70140281 -0.00560710
0.71142285 -0.00584688
0.72144289 -0.00565870
0.73146293 -0.00555367
0.74148297 -0.00546137
0.75150301 -0.00524360
0.76152305 -0.00552485
0.77154309 -0.00533319
0.78156313 -0.00502569
0.79158317 -0.00562555
0.80160321 -0.00523167
0.81162325 -0.00490898
0.82164329 -0.00511652
0.83166333 -0.00492144
0.84168337 -0.00520195
0.85170341 -0.00517139
0.86172345 -0.00513109
0.87174349 -0.00518896
0.88176353 -0.00456326
0.89178357 -0.00465595
0.90180361 -0.00453782
0.91182365 -0.00454492
0.92184369 -0.00439234
0.93186373 -0.00575978
0.94188377 -0.00476691
0.95190381 -0.00443973
0.96192385 -0.00482150
0.97194389 -0.00456051
0.98196393 -0.00434589
0.99198397 -0.00433392
1.00200401 -0.00421560
1.01202405 -0.00422031
1.02204409 -0.00417654
1.03206413 -0.00425713
1.04208417 -0.00431173
1.05210421 -0.00399855
1.06212425 -0.00437365
1.07214429 -0.00391297
1.08216433 -0.00402194
1.09218437 -0.00442117
1.10220441 -0.00415521
1.11222445 -0.00442751
1.12224449 -0.00460230
1.13226453 -0.00490854
1.14228457 -0.00394145
1.15230461 -0.00387133
1.16232465 -0.00369294
1.17234469 -0.00364647
1.18236473 -0.00428083
1.19238477 -0.00453151
1.20240481 -0.00363924
1.21242485 -0.00402462
1.22244489 -0.00354108
1.23246493 -0.00366091
1.24248497 -0.00348242
1.25250501 -0.00388812
1.26252505 -0.00342465
1.27254509 -0.00404831
1.28256513 -0.00338223
1.29258517 -0.00373430
1.30260521 -0.00352308
1.31262525 -0.00356637
1.32264529 -0.00452374
1.33266533 -0.00337318
1.34268537 -0.00401137
1.35270541 -0.00351417
1.36272545 -0.00384392
1.37274549 -0.00324239
1.38276553 -0.00351323
1.39278557 -0.00501969
1.40280561 -0.00317668
1.41282565 -0.00395243
1.42284569 -0.00330130
1.43286573 -0.00391936
1.44288577 -0.00320973
1.45290581 -0.00337563
1.46292585 -0.00351251
1.47294589 -0.00303552
1.48296593 -0.00324662
1.49298597 -0.00314107
1.50300601 -0.00302831
1.51302605 -0.00297168
1.52304609 -0.00431883
1.53306613 -0.00375648
1.54308617 -0.00312979
1.55310621 -0.00288238
1.56312625 -0.00289475
1.57314629 -0.00333113
1.58316633 -0.00301163
1.59318637 -0.00337803
1.60320641 -0.00361376
1.61322645 -0.00378103
1.62324649 -0.00361427
1.63326653 -0.00290177
1.64328657 -0.00284211
1.65330661 -0.00280244
1.66332665 -0.00289989
1.67334669 -0.00302188
1.68336673 -0.00273445
1.69338677 -0.00321123
1.70340681 -0.00358203
1.71342685 -0.00343359
1.72344689 -0.00273286
1.73346693 -0.00324807
1.74348697 -0.00332331
1.75350701 -0.00401723
1.76352705 -0.00275730
1.77354709 -0.00371277
1.78356713 -0.00297969
1.79358717 -0.00353927
1.80360721 -0.00271210
1.81362725 -0.00296997
1.82364729 -0.00344389
1.83366733 -0.00276789
1.84368737 -0.00283813
1.85370741 -0.00370833
1.86372745 -0.00297857
1.87374749 -0.00306408
1.88376754 -0.00247131
1.89378758 -0.00257491
1.90380762 -0.00306742
1.91382766 -0.00316162
1.92384770 -0.00287760
1.93386774 -0.00266410
1.94388778 -0.00244070
1.95390782 -0.00252592
1.96392786 -0.00321804
1.97394790 -0.00284387
1.98396794 -0.00303141
1.99398798 -0.00334408
2.00400802 -0.00357874
2.01402806 -0.00368045
2.02404810 -0.00270254
2.03406814 -0.00247588
2.04408818 -0.00290588
2.05410822 -0.00296849
2.06412826 -0.00245350
2.07414830 -0.00265729
2.08416834 -0.00251855
2.09418838 -0.00268824
2.10420842 -0.00247250
2.11422846 -0.00257193
2.12424850 -0.00295551
2.13426854 -0.00326179
2.14428858 -0.00237040
2.15430862 -0.00243932
2.16432866 -0.00336122
2.17434870 -0.00280917
2.18436874 -0.00232957
2.19438878 -0.00367093
2.20440882 -0.00342639
2.21442886 -0.00236975
2.22444890 -0.00422361
2.23446894 -0.00228541
2.24448898 -0.00244748
2.25450902 -0.00250786
2.26452906 -0.00228727
2.27454910 -0.00217635
2.28456914 -0.00226549
2.29458918 -0.00220716
2.30460922 -0.00219535
2.31462926 -0.00250457
2.32464930 -0.00209012
2.33466934 -0.00280078
2.34468938 -0.00382354
2.35470942 -0.00504049
2.36472946 -0.00234261
2.37474950 -0.00229622
2.38476954 -0.00287147
2.39478958 -0.00219737
2.40480962 -0.00265995
2.41482966 -0.00206538
2.42484970 -0.00322499
2.43486974 -0.00291028
2.44488978 -0.00212181
2.45490982 -0.00235742
2.46492986 -0.00221683
2.47494990 -0.00238674
2.48496994 -0.00225425
2.49498998 -0.00360669
2.50501002 -0.00223392
2.51503006 -0.00235663
2.52505010 -0.00201125
2.53507014 -0.00234972
2.54509018 -0.00263262
2.55511022 -0.00389065
2.56513026 -0.00245931
2.57515030 -0.00263826
2.58517034 -0.00274314
2.59519038 -0.00195674
2.60521042 -0.00210579
2.61523046 -0.00219669
2.62525050 -0.00218382
2.63527054 -0.00323270
2.64529058 -0.00203773
2.65531062 -0.00188521
2.66533066 -0.00194939
2.67535070 -0.00217595
2.68537074 -0.00203377
2.69539078 -0.00333215
2.70541082 -0.00233791
2.71543086 -0.00200979
2.72545090 -0.00269341
2.73547094 -0.00212078
2.74549098 -0.00205449
2.75551102 -0.00187606
2.76553106 -0.00201918
2.77555110 -0.00312464
2.78557114 -0.00212269
2.79559118 -0.00218374
2.80561122 -0.00188616
2.81563126 -0.00250486
2.82565130 -0.00351088
2.83567134 -0.00234826
2.84569138 -0.00249839
2.85571142 -0.00446037
2.86573146 -0.00184112
2.87575150 -0.00203735
2.88577154 -0.00359934
2.89579158 -0.00233420
2.90581162 -0.00223410
2.91583166 -0.00247272
2.92585170 -0.00191160
2.93587174 -0.00189278
2.94589178 -0.00220395
2.95591182 -0.00189029
2.96593186 -0.00312541
2.97595190 -0.00195105
2.98597194 -0.00327006
2.99599198 -0.00188921
3.00601202 -0.00185845
3.01603206 -0.00201844
3.02605210 -0.00267410
3.03607214 -0.00174731
3.04609218 -0.00197237
3.05611222 -0.00176703
3.06613226 -0.00210532
3.07615230 -0.00201013
3.08617234 -0.00174780
3.09619238 -0.00210373
3.10621242 -0.00185297
3.11623246 -0.00186296
3.12625251 -0.00230151
3.13627255 -0.00260063
3.14629259 -0.00218089
3.15631263 -0.00179782
3.16633267 -0.00192692
3.17635271 -0.00244827
3.18637275 -0.00208180
3.19639279 -0.00246030
3.20641283 -0.00171856
3.21643287 -0.00162409
3.22645291 -0.00211668
3.23647295 -0.00238732
3.24649299 -0.00197362
3.25651303 -0.00217637
3.26653307 -0.00230950
3.27655311 -0.00323645
3.28657315 -0.00232201
3.29659319 -0.00221514
3.30661323 -0.00184371
3.31663327 -0.00276941
3.32665331 -0.00198580
3.33667335 -0.00175344
3.34669339 -0.00190474
3.35671343 -0.00217163
3.36673347 -0.00192542
3.37675351 -0.00206263
3.38677355 -0.00191928
3.39679359 -0.00344345
3.40681363 -0.00341190
3.41683367 -0.00190092
3.42685371 -0.00161860
3.43687375 -0.00167068
3.44689379 -0.00237520
3.45691383 -0.00204046
3.46693387 -0.00292899
3.47695391 -0.00300154
3.48697395 -0.00191939
3.49699399 -0.00174926
3.50701403 -0.00199569
3.51703407 -0.00188681
3.52705411 -0.00289283
3.53707415 -0.00171316
3.54709419 -0.00149847
3.55711423 -0.00197568
3.56713427 -0.00170649
3.57715431 -0.00169837
3.58717435 -0.00208346
3.59719439 -0.00195913
3.60721443 -0.00304392
3.61723447 -0.00218172
3.62725451 -0.00202741
3.63727455 -0.00160443
3.64729459 -0.00205854
3.65731463 -0.00209774
3.66733467 -0.00316581
3.67735471 -0.00180135
3.68737475 -0.00207088
3.69739479 -0.00256784
3.70741483 -0.00155171
3.71743487 -0.00197134
3.72745491 -0.00178167
3.73747495 -0.00255257
3.74749499 -0.00172770
3.75751503 -0.00242936
3.76753507 -0.00205686
3.77755511 -0.00203264
3.78757515 -0.00208670
3.79759519 -0.00199367
3.80761523 -0.00173160
3.81763527 -0.00191828
3.82765531 -0.00225372
3.83767535 -0.00158628
3.84769539 -0.00402521
3.85771543 -0.00247582
3.86773547 -0.00184201
3.87775551 -0.00229513
3.88777555 -0.00146908
3.89779559 -0.00243910
3.90781563 -0.00236857
3.91783567 -0.00168750
3.92785571 -0.00200696
3.93787575 -0.00156716
3.94789579 -0.00181966
3.95791583 -0.00303737
3.96793587 -0.00191223
3.97795591 -0.00238395
3.98797595 -0.00187024
3.99799599 -0.00171116
4.00801603 -0.00276619
4.01803607 -0.00157241
4.02805611 -0.00168973
4.03807615 -0.00199110
4.04809619 -0.00162042
4.05811623 -0.00161772
4.06813627 -0.00153110
4.07815631 -0.00246874
4.08817635 -0.00363398
4.09819639 -0.00186889
4.10821643 -0.00228359
4.11823647 -0.00287807
4.12825651 -0.00225090
4.13827655 -0.00316602
4.14829659 -0.00178817
4.15831663 -0.00182073
4.16833667 -0.00167190
4.17835671 -0.00267103
4.18837675 -0.00168398
4.19839679 -0.00163231
4.20841683 -0.00137123
4.21843687 -0.00137865
4.22845691 -0.00169697
4.23847695 -0.00192676
4.24849699 -0.00295374
4.25851703 -0.00135541
4.26853707 -0.00160390
4.27855711 -0.00198168
4.28857715 -0.00221280
4.29859719 -0.00178593
4.30861723 -0.00186342
4.31863727 -0.00144255
4.32865731 -0.00174484
4.33867735 -0.00167761
4.34869739 -0.00157618
4.35871743 -0.00178222
4.36873747 -0.00199157
4.37875752 -0.00157116
4.38877756 -0.00151639
4.39879760 -0.00274062
4.40881764 -0.00174619
4.41883768 -0.00213811
4.42885772 -0.00243468
4.43887776 -0.00215158
4.44889780 -0.00187194
4.45891784 -0.00230772
4.46893788 -0.00259259
4.47895792 -0.00170304
4.48897796 -0.00151062
4.49899800 -0.00204546
4.50901804 -0.00157174
4.51903808 -0.00166838
4.52905812 -0.00228865
4.53907816 -0.00124282
4.54909820 -0.00216727
4.55911824 -0.00212385
4.56913828 -0.00124499
4.57915832 -0.00144158
4.58917836 -0.00161761
4.59919840 -0.00178691
4.60921844 -0.00140362
4.61923848 -0.00134780
4.62925852 -0.00132013
4.63927856 -0.00139359
4.64929860 -0.00325701
4.65931864 -0.00197918
4.66933868 -0.00166037
4.67935872 -0.00144797
4.68937876 -0.00153137
4.69939880 -0.00172399
4.70941884 -0.00174425
4.71943888 -0.00204001
4.72945892 -0.00120958
4.73947896 -0.00151626
4.74949900 -0.00243623
4.75951904 -0.00165731
4.76953908 -0.00150927
4.77955912 -0.00239176
4.78957916 -0.00160152
4.79959920 -0.00197675
4.80961924 -0.00318535
4.81963928 -0.00140821
4.82965932 -0.00204166
4.83967936 -0.00139229
4.84969940 -0.00328335
4.85971944 -0.00148809
4.86973948 -0.00124196
4.87975952 -0.00209967
4.88977956 -0.00164680
4.89979960 -0.00205884
4.90981964 -0.00194411
4.91983968 -0.00196241
4.92985972 -0.00122499
4.93987976 -0.00123409
4.94989980 -0.00163924
4.95991984 -0.00192115
4.96993988 -0.00129345
4.97995992 -0.00141569
4.98997996 -0.00264043
5.00000000 -0.00238768
