# r   MSF(r)
0.00000000 0.00140975
0.01002004 -0.00536475
0.02004008 -0.00795546
0.03006012 -0.01532193
0.04008016 -0.02166918
0.05010020 -0.02807661
0.06012024 -0.03411989
0.07014028 -0.03272771
0.08016032 -0.03235743
0.09018036 -0.04203074
0.10020040 -0.03662640
0.11022044 -0.02660152
0.12024048 -0.02201815
0.13026052 -0.01347255
0.14028056 -0.01153388
0.15030060 -0.00718244
0.16032064 -0.00396916
0.17034068 -0.00063804
0.18036072 0.00157364
0.19038076 0.00099126
0.20040080 0.00279358
0.21042084 0.00664197
0.22044088 0.00761658
0.23046092 0.00961388
0.24048096 0.01047809
0.25050100 0.01024682
0.26052104 0.00983043
0.27054108 0.01029869
0.28056112 0.01295006
0.29058116 0.01290123
0.30060120 0.01258700
0.31062124 0.01414706
0.32064128 0.01451244
0.33066132 0.01464318
0.34068136 0.01579402
0.35070140 0.01749595
0.36072144 0.01814893
0.37074148 0.01816656
0.38076152 0.01715588
0.39078156 0.01881350
0.40080160 0.01720089
0.41082164 0.02058370
0.42084168 0.02089192
0.43086172 0.02151137
0.44088176 0.02213263
0.45090180 0.02215269
0.46092184 0.02051825
0.47094188 0.02069271
0.48096192 0.02271426
0.49098196 0.02311738
0.50100200 0.02244594
0.51102204 0.02101130
0.52104208 0.02240508
0.53106212 0.02285136
0.54108216 0.02309509
0.55110220 0.02223531
0.56112224 0.02139751
0.57114228 0.02356984
0.58116232 0.02354313
0.59118236 0.02315740
0.60120240 0.02215495
0.61122244 0.02325319
0.62124248 0.02389032
0.63126253 0.01848192
0.64128257 0.02213865
0.65130261 0.02218534
0.66132265 0.02184304
0.67134269 0.02155504
0.68136273 0.01778546
0.69138277 0.02091185
0.70140281 0.02240260
0.71142285 0.02351556
0.72144289 0.02416530
0.73146293 0.02250672
0.74148297 0.02372979
0.75150301 0.02511874
0.76152305 0.02571227
0.77154309 0.02453452
0.78156313 0.02286718
0.79158317 0.02503397
0.80160321 0.02469628
0.81162325 0.02404924
0.82164329 0.02426602
0.83166333 0.02178070
0.84168337 0.02558998
0.85170341 0.02330114
0.86172345 0.02626981
0.87174349 0.02532310
0.88176353 0.02537953
0.89178357 0.02631577
0.90180361 0.02655994
0.91182365 0.02711643
0.92184369 0.02864184
0.93186373 0.03294398
0.94188377 0.03560665
0.95190381 0.03701761
0.96192385 0.03878505
0.97194389 0.03975801
0.98196393 0.03898291
0.99198397 0.04146163
1.00200401 0.04205964
1.01202405 0.04140448
1.02204409 0.04170787
1.03206413 0.04468185
1.04208417 0.04608839
1.05210421 0.04695556
1.06212425 0.04821292
1.07214429 0.04963049
1.08216433 0.04832909
1.09218437 0.05161815
1.10220441 0.05166289
1.11222445 0.05317092
1.12224449 0.05372321
1.13226453 0.05420428
1.14228457 0.05220969
1.15230461 0.05565244
1.16232465 0.05660311
1.17234469 0.05714922
1.18236473 0.05790819
1.19238477 0.05831272
1.20240481 0.05888032
1.21242485 0.05957291
1.22244489 0.05931214
1.23246493 0.06068284
1.24248497 0.06121625
1.25250501 0.06131298
1.26252505 0.06216770
1.27254509 0.06157798
1.28256513 0.06305021
1.29258517 0.06335477
1.30260521 0.06336660
1.31262525 0.06473963
1.32264529 0.06480401
1.33266533 0.06308055
1.34268537 0.06505722
1.35270541 0.06435591
1.36272545 0.06474173
1.37274549 0.06648463
1.38276553 0.06759329
1.39278557 0.06766334
1.40280561 0.06662176
1.41282565 0.06819935
1.42284569 0.06805338
1.43286573 0.06779449
1.44288577 0.06896932
1.45290581 0.06904260
1.46292585 0.07018418
1.47294589 0.07035720
1.48296593 0.07090449
1.49298597 0.07110759
1.50300601 0.07078041
1.51302605 0.07182170
1.52304609 0.07230343
1.53306613 0.07166128
1.54308617 0.07249131
1.55310621 0.07264001
1.56312625 0.07259336
1.57314629 0.07328188
1.58316633 0.07352285
1.59318637 0.07460947
1.60320641 0.07464532
1.61322645 0.07496865
1.62324649 0.07512536
1.63326653 0.07495240
1.64328657 0.07318325
1.65330661 0.07596777
1.66332665 0.07607043
1.67334669 0.07646927
1.68336673 0.07577614
1.69338677 0.07699054
1.70340681 0.07491072
1.71342685 0.07712699
1.72344689 0.07683825
1.73346693 0.07785294
1.74348697 0.07714711
1.75350701 0.07675895
1.76352705 0.07868840
1.77354709 0.07904488
1.78356713 0.07676139
1.79358717 0.07912793
1.80360721 0.07795308
1.81362725 0.07836343
1.82364729 0.08005672
1.83366733 0.07936834
1.84368737 0.07951148
1.85370741 0.08003662
1.86372745 0.08034246
1.87374749 0.08125354
1.88376754 0.07888998
1.89378758 0.08138249
1.90380762 0.08089478
1.91382766 0.08172405
1.92384770 0.08228706
1.93386774 0.08205962
1.94388778 0.08205501
1.95390782 0.08174612
1.96392786 0.08253505
1.97394790 0.08293665
1.98396794 0.08309698
1.99398798 0.08329547
2.00400802 0.08324668
2.01402806 0.08351504
2.02404810 0.08388324
2.03406814 0.08285618
2.04408818 0.08430081
2.05410822 0.08393264
2.06412826 0.08290717
2.07414830 0.08482117
2.08416834 0.08461736
2.09418838 0.08510260
2.10420842 0.08366144
2.11422846 0.08540022
2.12424850 0.08386192
2.13426854 0.08574892
2.14428858 0.08300786
2.15430862 0.08596693
2.16432866 0.08593901
2.17434870 0.08464050
2.18436874 0.08594454
2.19438878 0.08634153
2.20440882 0.08676615
2.21442886 0.08405151
2.22444890 0.08652089
2.23446894 0.08733113
2.24448898 0.08744960
2.25450902 0.08758231
2.26452906 0.08663950
2.27454910 0.08787138
2.28456914 0.08798452
2.29458918 0.08759669
2.30460922 0.08475634
2.31462926 0.08852091
2.32464930 0.08825764
2.33466934 0.08746140
2.34468938 0.08880672
2.35470942 0.08901494
2.36472946 0.08856829
2.37474950 0.08855561
2.38476954 0.08849208
2.39478958 0.08845723
2.40480962 0.08919556
2.41482966 0.08585084
2.42484970 0.08831039
2.43486974 0.08867934
2.44488978 0.08964241
2.45490982 0.09023149
2.46492986 0.08919948
2.47494990 0.09041765
2.48496994 0.08998268
2.49498998 0.09031476
2.50501002 0.08877507
2.51503006 0.09075051
2.52505010 0.09044749
2.53507014 0.08999483
2.54509018 0.09101965
2.55511022 0.09151088
2.56513026 0.09115621
2.57515030 0.09101593
2.58517034 0.09178512
2.59519038 0.09142444
2.60521042 0.09142827
2.61523046 0.09038063
2.62525050 0.09149604
2.63527054 0.09221119
2.64529058 0.08981529
2.65531062 0.09133642
2.66533066 0.09238466
2.67535070 0.09179144
2.68537074 0.09281400
2.69539078 0.09246495
2.70541082 0.09290086
2.71543086 0.09022656
2.72545090 0.09280390
2.73547094 0.09255345
2.74549098 0.09223872
2.75551102 0.09213617
2.76553106 0.09266406
2.77555110 0.09367953
2.78557114 0.09369069
2.79559118 0.09380690
2.80561122 0.09397059
2.81563126 0.09204133
2.82565130 0.09337816
2.83567134 0.09370701
2.84569138 0.09383562
2.85571142 0.09411998
2.86573146 0.09386646
2.87575150 0.09426247
2.88577154 0.09429779
2.89579158 0.09473902
2.90581162 0.09320677
2.91583166 0.09442589
2.92585170 0.09485197
2.93587174 0.09443828
2.94589178 0.09263773
2.95591182 0.09493095
2.96593186 0.09489530
2.97595190 0.09513824
2.98597194 0.09545830
2.99599198 0.09494667
3.00601202 0.09578389
3.01603206 0.09460610
3.02605210 0.09568760
3.03607214 0.09569353
3.04609218 0.09605713
3.05611222 0.09560283
3.06613226 0.09628623
3.07615230 0.09587729
3.08617234 0.09622173
3.09619238 0.09584177
3.10621242 0.09626158
3.11623246 0.09666626
3.12625251 0.09560349
3.13627255 0.09673905
3.14629259 0.09691565
3.15631263 0.09607285
3.16633267 0.09683767
3.17635271 0.09641893
3.18637275 0.09679690
3.19639279 0.09715470
3.20641283 0.09698623
3.21643287 0.09656560
3.22645291 0.09712596
3.23647295 0.09760737
3.24649299 0.09714780
3.25651303 0.09677034
3.26653307 0.09590195
3.27655311 0.09710387
3.28657315 0.09762181
3.29659319 0.09788420
3.30661323 0.09749660
3.31663327 0.09607171
3.32665331 0.09809798
3.33667335 0.09784927
3.34669339 0.09806789
3.35671343 0.09779643
3.36673347 0.09716841
3.37675351 0.09846896
3.38677355 0.09865137
3.39679359 0.09814746
3.40681363 0.09821730
3.41683367 0.09666883
3.42685371 0.09850873
3.43687375 0.09782938
3.44689379 0.09824342
3.45691383 0.09856238
3.46693387 0.09885841
3.47695391 0.09706578
3.48697395 0.09905650
3.49699399 0.09888402
3.50701403 0.09913327
3.51703407 0.09935905
3.52705411 0.09854876
3.53707415 0.09915869
3.54709419 0.09943217
3.55711423 0.09944787
3.56713427 0.09937032
3.57715431 0.09839470
3.58717435 0.09956564
3.59719439 0.09943472
3.60721443 0.09935080
3.61723447 0.10010858
3.62725451 0.09990271
3.63727455 0.09821049
3.64729459 0.09635926
3.65731463 0.09912641
3.66733467 0.10009170
3.67735471 0.09856830
3.68737475 0.09848958
3.69739479 0.10013192
3.70741483 0.10049156
3.71743487 0.10065168
3.72745491 0.10016487
3.73747495 0.09900923
3.74749499 0.09994611
3.75751503 0.10046869
3.76753507 0.10036646
3.77755511 0.10087832
3.78757515 0.10062271
3.79759519 0.10062753
3.80761523 0.10077251
3.81763527 0.10093601
3.82765531 0.09957077
3.83767535 0.10115530
3.84769539 0.10119220
3.85771543 0.10140144
3.86773547 0.10096515
3.87775551 0.10119612
3.88777555 0.10133919
3.89779559 0.10108946
3.90781563 0.10135204
3.91783567 0.10147423
3.92785571 0.10157196
3.93787575 0.10181752
3.94789579 0.10174662
3.95791583 0.10150123
3.96793587 0.10168514
3.97795591 0.10191054
3.98797595 0.10120447
3.99799599 0.10173588
4.00801603 0.10188715
4.01803607 0.09931127
4.02805611 0.09837443
4.03807615 0.10215223
4.04809619 0.09896182
4.05811623 0.10110154
4.06813627 0.10183400
4.07815631 0.09807911
4.08817635 0.10212241
4.09819639 0.10242289
4.10821643 0.10232375
4.11823647 0.10240329
4.12825651 0.10217848
4.13827655 0.10236777
4.14829659 0.10082737
4.15831663 0.10225902
4.16833667 0.10264548
4.17835671 0.10080636
4.18837675 0.09958031
4.19839679 0.10269559
4.20841683 0.10294611
4.21843687 0.10254923
4.22845691 0.10285557
4.23847695 0.10182392
4.24849699 0.10290351
4.25851703 0.10207730
4.26853707 0.10198345
4.27855711 0.10003946
4.28857715 0.10303653
4.29859719 0.10331628
4.30861723 0.10333119
4.31863727 0.10002492
4.32865731 0.10286911
4.33867735 0.10317536
4.34869739 0.10302179
4.35871743 0.10344094
4.36873747 0.09878551
4.37875752 0.10381109
4.38877756 0.10191413
4.39879760 0.10294548
4.40881764 0.10393587
4.41883768 0.10360615
4.42885772 0.10164427
4.43887776 0.10290704
4.44889780 0.10330623
4.45891784 0.10366281
4.46893788 0.10385674
4.47895792 0.10403604
4.48897796 0.10306128
4.49899800 0.10228248
4.50901804 0.10390098
4.51903808 0.10401023
4.52905812 0.10375482
4.53907816 0.10391165
4.54909820 0.10369575
4.55911824 0.10421715
4.56913828 0.10432429
4.57915832 0.10395910
4.58917836 0.10292778
4.59919840 0.10431870
4.60921844 0.10465208
4.61923848 0.10239777
4.62925852 0.10416097
4.63927856 0.10450786
4.64929860 0.10230947
4.65931864 0.10421496
4.66933868 0.10447266
4.67935872 0.10434460
4.68937876 0.10468857
4.69939880 0.10492986
4.70941884 0.10430642
4.71943888 0.10483920
4.72945892 0.10464187
4.73947896 0.10461694
4.74949900 0.10425507
4.75951904 0.10345666
4.76953908 0.10501568
4.77955912 0.10522471
4.78957916 0.10466070
4.79959920 0.10390921
4.80961924 0.10358404
4.81963928 0.10454183
4.82965932 0.10487028
4.83967936 0.10381071
4.84969940 0.10552395
4.85971944 0.10302026
4.86973948 0.10527643
4.87975952 0.10440610
4.88977956 0.10561264
4.89979960 0.10466137
4.90981964 0.10562245
4.91983968 0.10546413
4.92985972 0.10554349
4.93987976 0.10566497
4.94989980 0.10480297
4.95991984 0.10484803
4.96993988 0.10573979
4.97995992 0.10539253
4.98997996 0.10447156
5.00000000 0.10467291
